0.146906 0.350885 0.160512 0.850527
0.854154 0.647037 0.84618 0.344008
0.654273 0.139392 0.844645 0.857944
0.63788 0.156941 0.856334 0.857899
0.146714 0.351994 0.146814 0.849025
0.356786 0.157983 0.853833 0.149757
0.145904 0.642431 0.146494 0.151501
0.152565 0.649404 0.150087 0.154315
0.148422 0.654163 0.146904 0.145708
0.141928 0.356378 0.15725 0.845705
0.352392 0.843472 0.84898 0.665335
0.148936 0.135549 0.1379 0.35143
0.12999 0.337792 0.139929 0.85322
0.158318 0.158451 0.15835 0.351969
0.849823 0.650071 0.853307 0.353397
0.347087 0.152907 0.851636 0.154377
0.146184 0.157348 0.150636 0.361233
0.847155 0.651331 0.861976 0.349538
0.655711 0.138337 0.861449 0.850581
0.345999 0.147158 0.835179 0.157617
0.150975 0.141635 0.145251 0.356536
0.16042 0.658321 0.15551 0.143049
0.65395 0.146942 0.852075 0.856909
0.156022 0.152388 0.15032 0.349117
0.33757 0.144792 0.863243 0.150441
0.346305 0.850398 0.849441 0.653618
0.349492 0.147384 0.854749 0.152119
0.146951 0.152025 0.152958 0.355712
0.839802 0.655553 0.858636 0.348202
0.344851 0.846016 0.852937 0.647099
0.343393 0.157625 0.834653 0.14412
0.152502 0.647054 0.147896 0.153427
0.156925 0.661311 0.134425 0.148742
0.846296 0.648478 0.85767 0.353907
0.135953 0.657925 0.151313 0.153459
0.143627 0.347359 0.143278 0.856921
0.148497 0.346157 0.149415 0.850567
0.345389 0.139846 0.857444 0.153153
0.143465 0.649611 0.149685 0.146205
0.845862 0.650707 0.848615 0.343771
0.844829 0.658607 0.85045 0.351286
0.649492 0.15807 0.866042 0.855086
0.146519 0.344321 0.153238 0.849839
0.645617 0.157929 0.841863 0.843654
0.152597 0.651458 0.15308 0.155559
0.351579 0.154123 0.852419 0.146854
0.149669 0.154295 0.149128 0.347804
0.152369 0.65253 0.153518 0.139948
0.136371 0.350527 0.137849 0.865789
0.649223 0.160933 0.842807 0.852524
0.856743 0.638429 0.849471 0.340376
0.144029 0.657842 0.155996 0.149923
0.159239 0.155472 0.153362 0.352368
0.356585 0.847498 0.848995 0.653
0.151435 0.658863 0.153253 0.150057
0.14757 0.150085 0.147301 0.353175
0.153388 0.638426 0.152122 0.144551
0.855087 0.649053 0.851097 0.343912
0.151676 0.651501 0.152448 0.147214
0.347868 0.849617 0.847372 0.657839
0.84842 0.640492 0.846061 0.352445
0.153327 0.147906 0.146338 0.34078
0.357562 0.851216 0.841266 0.651299
0.150729 0.344936 0.149007 0.853877
0.154886 0.143239 0.141841 0.349846
0.139269 0.152582 0.159344 0.360363
0.342713 0.153826 0.84261 0.14802
0.643441 0.158443 0.854515 0.851503
0.147116 0.351475 0.152186 0.849656
0.167197 0.14779 0.13413 0.353125
0.640009 0.151272 0.85245 0.85783
0.643256 0.147562 0.837537 0.840449
0.147733 0.152957 0.14407 0.346815
0.15516 0.344138 0.15414 0.84639
0.145248 0.148813 0.151922 0.353935
0.156578 0.652147 0.158164 0.164535
0.652341 0.150762 0.847384 0.860036
0.154263 0.14665 0.155489 0.347434
0.139602 0.344757 0.145171 0.849851
0.147733 0.636939 0.156629 0.144106
0.161088 0.351089 0.152279 0.841577
0.34831 0.843476 0.848207 0.647096
0.142558 0.354985 0.156137 0.846394
0.645677 0.152982 0.859127 0.853415
0.860136 0.646694 0.843716 0.345232
0.145156 0.360256 0.157809 0.846237
0.3483 0.15372 0.848953 0.152314
0.342035 0.148322 0.849425 0.167172
0.161909 0.653642 0.153527 0.156806
0.64147 0.150103 0.859399 0.85618
0.154054 0.655922 0.147776 0.14817
0.154947 0.656109 0.152137 0.155113
0.845576 0.648062 0.84502 0.344436
0.848076 0.653743 0.841867 0.339518
0.151817 0.155018 0.15654 0.351612
0.647337 0.144566 0.863664 0.850751
0.348476 0.141937 0.851563 0.142972
0.849413 0.639295 0.838607 0.357546
0.147942 0.15475 0.149775 0.343342
0.152201 0.653832 0.144639 0.160215
0.152665 0.348419 0.167674 0.85184
0.149365 0.637725 0.150984 0.146054
0.355591 0.845856 0.852648 0.648088
0.146005 0.352367 0.16269 0.848603
0.344243 0.140888 0.854818 0.152009
0.159393 0.363234 0.146684 0.843381
0.654028 0.153339 0.863146 0.852465
0.368182 0.847111 0.849926 0.649042
0.14987 0.362453 0.155015 0.848259
0.64975 0.149256 0.85245 0.84681
0.356451 0.148002 0.849204 0.156895
0.14494 0.357984 0.16083 0.847972
0.349162 0.850004 0.849743 0.642225
0.640848 0.144461 0.862707 0.852651
0.150217 0.647361 0.145415 0.151336
0.353794 0.853767 0.845728 0.651439
0.353524 0.153401 0.849564 0.14598
0.157446 0.164176 0.148652 0.36586
0.645352 0.151785 0.853996 0.856089
0.348609 0.850551 0.854045 0.660153
0.157517 0.143924 0.161399 0.362439
0.341785 0.85407 0.852318 0.649756
0.640704 0.156323 0.855575 0.847873
0.148675 0.652928 0.143983 0.149395
0.141743 0.649524 0.147616 0.150625
0.34628 0.86026 0.867925 0.646416
0.857038 0.642967 0.852278 0.348437
0.855071 0.657574 0.85557 0.344496
0.143524 0.346437 0.154078 0.848479
0.147217 0.344842 0.148951 0.848724
0.653535 0.145301 0.84412 0.840869
0.14591 0.658676 0.146394 0.153766
0.150147 0.656435 0.15257 0.143115
0.851032 0.644625 0.846479 0.360865
0.35193 0.844911 0.845591 0.641586
0.155133 0.355865 0.153014 0.845702
0.15211 0.649314 0.141571 0.142724
0.1531 0.156867 0.147342 0.353966
0.353463 0.844308 0.857346 0.655111
0.350724 0.132539 0.859346 0.149963
0.153728 0.350849 0.153886 0.842001
0.353562 0.83968 0.853743 0.640315
0.86139 0.649848 0.851866 0.354221
0.841664 0.657389 0.86105 0.340026
0.359259 0.150658 0.849227 0.146642
0.350564 0.848809 0.849416 0.652234
0.652783 0.158925 0.849185 0.852151
0.844756 0.64935 0.849973 0.344809
0.3509 0.848097 0.850847 0.654557
0.354423 0.845829 0.842863 0.656597
0.346209 0.151331 0.849441 0.158983
0.146583 0.657912 0.141006 0.16369
0.645919 0.147066 0.840665 0.852975
0.349854 0.13734 0.846908 0.156147
0.160077 0.149176 0.162871 0.345961
0.852837 0.646444 0.859184 0.349954
0.148838 0.647402 0.147834 0.148173
0.162868 0.149304 0.150104 0.352689
0.659678 0.144889 0.857194 0.848744
0.862281 0.644493 0.854459 0.353203
0.143143 0.65848 0.146987 0.148467
0.857654 0.648615 0.847274 0.347868
0.84668 0.653937 0.849461 0.337872
0.142882 0.660843 0.155905 0.152466
0.852814 0.650419 0.846929 0.358738
0.150809 0.653554 0.141651 0.152721
0.143475 0.147105 0.147467 0.350801
0.65202 0.143958 0.86506 0.844012
0.142344 0.346475 0.150875 0.8445
0.650393 0.158408 0.85175 0.857294
0.149257 0.160724 0.146103 0.353139
0.349386 0.84618 0.838828 0.650741
0.137372 0.64932 0.146272 0.151539
0.142603 0.643068 0.143976 0.156623
0.332493 0.836819 0.844505 0.642929
0.846544 0.648782 0.851341 0.350287
0.644777 0.14783 0.848515 0.844288
0.146801 0.153121 0.140401 0.350909
0.852223 0.658343 0.853673 0.351361
0.351008 0.843772 0.859243 0.660316
0.856085 0.662768 0.84155 0.357226
0.856297 0.648741 0.851404 0.3587
0.852087 0.644799 0.836873 0.343072
0.145871 0.140055 0.143186 0.347798
0.351607 0.15247 0.840593 0.150634
0.657847 0.147733 0.854424 0.838532
0.160372 0.146527 0.143141 0.354374
0.14154 0.6492 0.148358 0.14796
0.153429 0.351165 0.151154 0.841247
0.861811 0.646962 0.849199 0.353219
0.162435 0.154476 0.136306 0.348988
0.338079 0.835756 0.859237 0.648156
0.647851 0.148379 0.846775 0.845822
0.638353 0.154023 0.852969 0.842644
0.856893 0.651072 0.845923 0.36081
0.353407 0.855324 0.843366 0.647846
0.852581 0.64932 0.854802 0.348675
0.352946 0.152939 0.853168 0.161146
0.147582 0.150229 0.141339 0.349884
0.149293 0.345183 0.155129 0.843908
0.644584 0.153126 0.865671 0.843184
0.844787 0.643326 0.843212 0.346892
0.353768 0.155475 0.856741 0.15021
0.14923 0.143254 0.158086 0.34908
0.653653 0.154583 0.854771 0.853018
0.848492 0.647592 0.844317 0.348127
0.147411 0.353049 0.141678 0.860479
0.141083 0.155849 0.141165 0.34734
0.139152 0.149111 0.143435 0.349667
0.65417 0.151333 0.853164 0.856067
0.841576 0.65191 0.845755 0.354777
0.654606 0.161135 0.853775 0.849699
0.16258 0.659869 0.14252 0.155635
0.158978 0.353095 0.144093 0.838864
0.141286 0.346955 0.150884 0.860968
0.845061 0.655469 0.848126 0.346661
0.852999 0.64615 0.838462 0.34225
0.637968 0.15367 0.842744 0.855034
0.861787 0.653046 0.855908 0.346507
0.645803 0.149163 0.846097 0.850503
0.152502 0.655218 0.154506 0.141208
0.350887 0.846992 0.848399 0.656338
0.842274 0.649708 0.850664 0.364926
0.852961 0.64401 0.845558 0.357464
0.157388 0.650166 0.152702 0.143505
0.14566 0.358114 0.14763 0.854185
0.150892 0.651794 0.130484 0.155598
0.144456 0.655021 0.145173 0.153532
0.357336 0.144009 0.854435 0.149553
0.850263 0.649425 0.857454 0.344931
0.149223 0.652561 0.151501 0.152059
0.84932 0.642425 0.850295 0.352284
0.357668 0.153734 0.847848 0.158396
0.651801 0.142393 0.855112 0.851573
0.137413 0.649779 0.147524 0.157313
0.16207 0.651363 0.160606 0.153014
0.654367 0.144542 0.857417 0.856719
0.344888 0.140502 0.844371 0.15004
0.153926 0.346088 0.146609 0.849137
0.34047 0.847556 0.856598 0.653911
0.158978 0.344945 0.149348 0.847518
0.339982 0.157862 0.847394 0.151588
0.851177 0.658901 0.852675 0.36085
0.141958 0.650525 0.152187 0.145121
0.137882 0.140943 0.143573 0.357765
0.142848 0.655716 0.148046 0.151547
0.148627 0.341894 0.150987 0.840352
0.347144 0.84401 0.852361 0.644893
0.348987 0.845287 0.840078 0.644163
0.848438 0.659375 0.855306 0.36162
0.162339 0.33996 0.145273 0.856762
0.151699 0.142304 0.15796 0.35466
0.632979 0.14316 0.844542 0.851728
0.640737 0.154131 0.859497 0.846312
0.344416 0.846089 0.855693 0.643541
0.361697 0.144814 0.846552 0.145666
0.35122 0.852891 0.846116 0.637159
0.349412 0.854719 0.862502 0.659828
0.646611 0.144577 0.862838 0.856161
0.149936 0.637975 0.152298 0.131441
0.134154 0.144599 0.14201 0.348774
0.847204 0.64574 0.850367 0.353499
0.149873 0.356678 0.139839 0.85444
0.848337 0.648451 0.842854 0.35403
0.346608 0.1388 0.842045 0.147368
0.145535 0.362698 0.146353 0.849886
0.146169 0.652474 0.148844 0.153172
0.156755 0.65617 0.148046 0.15822
0.150406 0.155685 0.151609 0.363194
0.142369 0.346087 0.153629 0.84901
0.352754 0.142126 0.862451 0.159152
0.358475 0.154288 0.847783 0.134168
0.132475 0.649368 0.143053 0.146569
0.65055 0.146621 0.854563 0.848266
0.160955 0.349588 0.162944 0.847066
0.847211 0.645026 0.851271 0.356179
0.358225 0.141632 0.84163 0.143776
0.137203 0.360292 0.148081 0.849527
0.648347 0.134359 0.837811 0.852303
0.646969 0.152426 0.850164 0.847743
0.352318 0.152904 0.841617 0.155393
0.835178 0.656622 0.853198 0.348688
0.349291 0.843346 0.840261 0.650643
0.146272 0.639485 0.154498 0.161313
0.159343 0.144396 0.149528 0.352506
0.152869 0.353849 0.142875 0.839639
0.14595 0.156417 0.156729 0.345558
0.645335 0.144451 0.836859 0.84785
0.347292 0.150986 0.849144 0.15385
0.153921 0.146383 0.138965 0.351981
0.139933 0.351793 0.137281 0.847158
0.643496 0.148134 0.840705 0.848491
0.144015 0.342189 0.147779 0.855584
0.152908 0.147283 0.148045 0.34933
0.354436 0.850124 0.852836 0.645155
0.342826 0.156818 0.843367 0.143744
0.645991 0.157511 0.838755 0.851415
0.159564 0.643235 0.156479 0.161828
0.145044 0.152423 0.138786 0.352433
0.358469 0.852426 0.853818 0.656475
0.654371 0.147774 0.838995 0.85343
0.147831 0.36047 0.157936 0.861384
0.845184 0.657651 0.86128 0.35709
0.345335 0.150645 0.845415 0.157795
0.15299 0.339634 0.151962 0.844764
0.154816 0.144922 0.155723 0.356333
0.147141 0.356174 0.144345 0.84642
0.350461 0.84712 0.858133 0.657668
0.1438 0.150079 0.157182 0.356168
0.157108 0.659379 0.151246 0.14468
0.14658 0.648331 0.146697 0.156382
0.153711 0.349389 0.159852 0.838575
0.155511 0.342883 0.146965 0.851081
0.848799 0.649579 0.846069 0.33456
0.862319 0.654989 0.846213 0.354111
0.150852 0.152399 0.15569 0.350087
0.154517 0.14096 0.144078 0.345898
0.161669 0.654418 0.146815 0.147795
0.65042 0.149931 0.838702 0.844044
0.343034 0.845998 0.843662 0.650035
0.346409 0.144473 0.845779 0.150788
0.64937 0.149961 0.850908 0.844682
0.346241 0.851538 0.839846 0.650352
0.142878 0.662495 0.147356 0.155803
0.150671 0.351598 0.152799 0.855875
0.8488 0.642261 0.858915 0.341355
0.348624 0.155067 0.850354 0.142754
0.349707 0.150161 0.848929 0.155373
0.145683 0.150454 0.142868 0.339205
0.146975 0.644793 0.147553 0.14524
0.845003 0.655334 0.857174 0.352213
0.345078 0.144834 0.849755 0.156802
0.855823 0.642139 0.85263 0.34712
0.143688 0.64344 0.148649 0.157098
0.650587 0.150809 0.850252 0.84984
0.346064 0.851675 0.850425 0.650125
0.353676 0.847385 0.854122 0.65782
0.351244 0.160238 0.84444 0.140004
0.846212 0.656096 0.858013 0.359997
0.343935 0.143762 0.846104 0.149734
0.151468 0.156095 0.15832 0.34873
0.148872 0.357569 0.152161 0.856029
0.350151 0.843777 0.860756 0.646682
0.652699 0.148206 0.858035 0.850997
0.14871 0.142085 0.155938 0.341837
0.63715 0.14368 0.855613 0.843737
0.150298 0.140779 0.151316 0.339511
0.854398 0.649623 0.857736 0.350234
0.652959 0.160616 0.844734 0.859533
0.330185 0.852715 0.856597 0.649103
0.364047 0.853816 0.850389 0.647235
0.140215 0.156682 0.145408 0.351902
0.841263 0.643599 0.84937 0.3629
0.640377 0.148876 0.856347 0.852287
0.147776 0.151187 0.153741 0.353702
0.15012 0.657616 0.155486 0.156152
0.647336 0.155081 0.856154 0.83658
0.645957 0.152981 0.86516 0.847465
0.149032 0.653158 0.154422 0.148752
0.353617 0.85226 0.851353 0.648327
0.149235 0.348138 0.147298 0.841475
0.653952 0.15229 0.843085 0.846791
0.151142 0.154994 0.151455 0.361358
0.637872 0.149695 0.862096 0.847212
0.840399 0.65637 0.844365 0.356671
0.652184 0.159123 0.841809 0.848837
0.360271 0.839861 0.845126 0.643244
0.638808 0.143998 0.83998 0.854769
0.353702 0.156957 0.859637 0.155954
0.149086 0.659265 0.151303 0.142299
0.348059 0.157618 0.846689 0.1474
0.155363 0.656394 0.157948 0.15239
0.351735 0.855696 0.840633 0.641668
0.339591 0.142921 0.851088 0.147731
0.351722 0.849578 0.837493 0.648308
0.353579 0.846861 0.858461 0.644491
0.14443 0.653529 0.143339 0.144099
0.347647 0.152336 0.857759 0.139406
0.139888 0.359439 0.148899 0.852379
0.349886 0.849339 0.841202 0.643577
0.852967 0.645677 0.843724 0.344309
0.149149 0.637235 0.157679 0.148624
0.655357 0.152499 0.843031 0.856711
0.848425 0.647535 0.853412 0.343249
0.156069 0.150053 0.143138 0.35906
0.3464 0.847763 0.850345 0.652879
0.158806 0.350766 0.147467 0.84981
0.153029 0.159928 0.149692 0.345821
0.142908 0.646308 0.155577 0.152505
0.65136 0.158924 0.844966 0.850928
0.149927 0.346765 0.160424 0.847099
0.347378 0.144278 0.852974 0.14683
0.349781 0.148665 0.845915 0.147605
0.835754 0.649087 0.850562 0.347412
0.35149 0.156 0.853845 0.152804
0.357666 0.139926 0.867781 0.152666
0.148876 0.357137 0.155018 0.853193
0.35272 0.847313 0.853783 0.644313
0.350088 0.858525 0.859685 0.660323
0.657147 0.148427 0.852403 0.852175
0.352108 0.854538 0.848016 0.642044
0.656527 0.153509 0.843833 0.864586
0.147602 0.151732 0.157962 0.355546
0.349616 0.153298 0.848462 0.149854
0.861068 0.643223 0.848113 0.339827
0.160429 0.64337 0.151176 0.155642
0.356977 0.843727 0.855373 0.64651
0.154627 0.651572 0.137454 0.15398
0.166469 0.347732 0.140482 0.856974
0.345882 0.147681 0.861794 0.144901
0.142442 0.347401 0.15983 0.843374
0.146318 0.641353 0.15638 0.156441
0.856269 0.655967 0.843239 0.345901
0.849848 0.649374 0.862682 0.343087
0.149656 0.349262 0.144723 0.846583
0.148309 0.356622 0.147679 0.852195
0.149182 0.651647 0.143169 0.142997
0.646323 0.142717 0.840764 0.844885
0.333252 0.15885 0.841372 0.151003
0.339896 0.145019 0.850815 0.144996
0.15343 0.649269 0.158419 0.154633
0.153011 0.644695 0.149649 0.146354
0.645808 0.15131 0.85094 0.860873
0.141126 0.345632 0.154114 0.846126
0.152965 0.646629 0.145141 0.146002
0.153056 0.646877 0.155075 0.145195
0.34947 0.845471 0.855375 0.636499
0.656125 0.146014 0.848546 0.859039
0.358814 0.851254 0.843704 0.650259
0.148314 0.648754 0.145661 0.14924
0.859952 0.648488 0.859805 0.337219
0.145031 0.337049 0.143189 0.852744
0.141885 0.65495 0.14714 0.16648
0.35359 0.856667 0.848618 0.631921
0.660759 0.151337 0.850174 0.842359
0.35391 0.14983 0.850892 0.152042
0.846875 0.655714 0.846766 0.342309
0.153573 0.141473 0.149235 0.353003
0.356502 0.85044 0.845872 0.663623
0.138685 0.154895 0.146394 0.351267
0.34671 0.148318 0.848246 0.138679
0.352271 0.860861 0.841672 0.646111
0.144617 0.638452 0.152766 0.135638
0.154262 0.337537 0.144694 0.850294
0.348358 0.149522 0.849861 0.145493
0.34761 0.151844 0.854982 0.134192
0.843605 0.645045 0.850751 0.346598
0.350041 0.854512 0.863858 0.645241
0.335151 0.852695 0.849526 0.655687
0.850524 0.649148 0.849189 0.34942
0.342955 0.154109 0.852458 0.15744
0.153306 0.336626 0.150089 0.839939
0.15578 0.341934 0.155514 0.850186
0.343311 0.15518 0.851646 0.156766
0.357756 0.154433 0.851859 0.149113
0.14834 0.152236 0.152924 0.342565
0.343054 0.155875 0.840662 0.146838
0.138226 0.653965 0.15459 0.139422
0.343187 0.150567 0.849114 0.134009
0.650997 0.15628 0.847284 0.849718
0.351678 0.856965 0.853248 0.647097
0.346173 0.158217 0.849452 0.142439
0.648684 0.142771 0.854158 0.853377
0.147498 0.143977 0.145417 0.360655
0.855884 0.64531 0.843091 0.359727
0.354075 0.855031 0.849357 0.640679
0.871917 0.648309 0.847938 0.358078
0.147687 0.141811 0.146808 0.347964
0.14084 0.152356 0.14988 0.356674
0.148793 0.655157 0.154491 0.152812
0.159025 0.654259 0.149137 0.15104
0.65065 0.138611 0.845143 0.8488
0.854118 0.648526 0.849327 0.35646
0.352925 0.845812 0.844388 0.647829
0.356035 0.1465 0.842491 0.152291
0.15376 0.356159 0.152406 0.8447
0.86318 0.653366 0.85598 0.352702
0.343177 0.844635 0.849103 0.654167
0.344455 0.147675 0.855727 0.141461
0.341509 0.860652 0.850735 0.660505
0.353123 0.134591 0.853651 0.156351
0.852715 0.647635 0.851545 0.356411
0.158756 0.646563 0.148511 0.149396
0.353828 0.856658 0.848044 0.65683
0.353767 0.14778 0.848143 0.153674
0.145676 0.147941 0.144597 0.341796
0.143221 0.65333 0.153182 0.154169
0.852389 0.657463 0.847464 0.34511
0.640432 0.147874 0.852766 0.853413
0.356315 0.151004 0.85262 0.155731
0.156265 0.356342 0.14471 0.850442
0.846768 0.654328 0.84311 0.342839
0.357478 0.156187 0.851092 0.142465
0.354463 0.143694 0.852541 0.149022
0.159059 0.654216 0.150367 0.131922
0.145421 0.34263 0.147551 0.862302
0.348921 0.85209 0.850108 0.655937
0.146748 0.153241 0.146057 0.346955
0.148176 0.163154 0.158254 0.352256
0.843491 0.656682 0.862934 0.352068
0.356438 0.154365 0.846503 0.155898
0.345926 0.846361 0.836614 0.648893
0.153498 0.6514 0.156912 0.145513
0.347562 0.149722 0.841608 0.144958
0.35481 0.144523 0.852091 0.150378
0.143119 0.360953 0.147387 0.853858
0.353214 0.146589 0.854957 0.149343
0.151875 0.352862 0.146755 0.847471
0.347193 0.841998 0.841669 0.667932
0.653003 0.151324 0.852163 0.849849
0.14596 0.145565 0.134981 0.356265
0.144723 0.150528 0.146383 0.353919
0.657082 0.147393 0.859842 0.857301
0.652048 0.138555 0.847479 0.856313
0.146905 0.142701 0.156839 0.34464
0.355088 0.855599 0.85054 0.658335
0.148393 0.654938 0.150437 0.153984
0.349003 0.83905 0.852977 0.654669
0.147871 0.149793 0.153608 0.356508
0.851408 0.65693 0.857666 0.347865
0.145111 0.345691 0.144292 0.85762
0.344279 0.144929 0.855592 0.152316
0.34934 0.156579 0.862471 0.152235
0.340646 0.854726 0.843277 0.659605
0.137481 0.347742 0.164073 0.852863
0.352982 0.856508 0.833942 0.650642
0.846221 0.651867 0.855699 0.353687
0.153448 0.161088 0.150137 0.347755
0.150321 0.158345 0.155336 0.344472
0.151634 0.347916 0.158219 0.853903
0.158072 0.643319 0.150636 0.153234
0.141606 0.353577 0.156273 0.860012
0.146801 0.150238 0.157493 0.343805
0.847264 0.642913 0.854509 0.355643
0.653434 0.152873 0.838728 0.849386
0.648029 0.143714 0.851472 0.846108
0.145172 0.65985 0.152673 0.150674
0.14813 0.156469 0.154472 0.342332
0.151308 0.348175 0.150162 0.845518
0.338559 0.146047 0.858469 0.151351
0.148693 0.650658 0.159202 0.153705
0.148756 0.346356 0.154996 0.837062
0.655439 0.151406 0.832111 0.851521
0.350202 0.847855 0.852242 0.648011
0.352961 0.854598 0.856319 0.646324
0.352434 0.148672 0.855232 0.149259
0.655646 0.147127 0.868838 0.85628
0.137396 0.655667 0.138452 0.158987
0.145196 0.145395 0.151832 0.359159
0.353463 0.844135 0.85339 0.647344
0.362948 0.145457 0.853884 0.153178
0.656436 0.145596 0.852668 0.849
0.146993 0.350578 0.153749 0.856109
0.147928 0.354719 0.145873 0.843049
0.355553 0.146925 0.853023 0.153004
0.346783 0.849291 0.852691 0.648037
0.354838 0.859498 0.83929 0.650359
0.152714 0.666233 0.140087 0.139797
0.358773 0.14643 0.850418 0.142404
0.154135 0.64335 0.151003 0.160962
0.343455 0.154639 0.836659 0.153236
0.15105 0.138947 0.131135 0.341076
0.346989 0.147197 0.858107 0.153161
0.339344 0.834887 0.850184 0.655342
0.355218 0.142852 0.846384 0.135317
0.155224 0.659527 0.161741 0.148387
0.139616 0.143418 0.153892 0.352675
0.658636 0.147168 0.839378 0.848519
0.154168 0.343444 0.144818 0.845835
0.160757 0.153734 0.152001 0.340964
0.148095 0.14553 0.161775 0.3433
0.342708 0.15207 0.846743 0.145546
0.148338 0.355663 0.14005 0.846589
0.162379 0.149434 0.153859 0.354582
0.152751 0.351321 0.151351 0.847226
0.85459 0.642394 0.852665 0.349542
0.136839 0.345433 0.150936 0.860671
0.845389 0.645112 0.860326 0.329596
0.142647 0.150173 0.154952 0.355876
0.146427 0.145439 0.154085 0.333414
0.854316 0.651555 0.843621 0.348417
0.346222 0.849589 0.860709 0.643632
0.650725 0.147294 0.853196 0.845615
0.150054 0.637391 0.151151 0.157498
0.140557 0.36052 0.157606 0.843629
0.342707 0.151755 0.837242 0.147653
0.650954 0.151727 0.858213 0.858172
0.351809 0.148479 0.847966 0.142654
0.649225 0.15297 0.85206 0.848198
0.157437 0.145284 0.15136 0.353049
0.847417 0.643598 0.858562 0.338953
0.337562 0.851338 0.853004 0.650269
0.64471 0.145016 0.851723 0.850901
0.344899 0.85735 0.855168 0.639577
0.154303 0.648165 0.154256 0.14271
0.151265 0.660126 0.144262 0.160528
0.655076 0.14099 0.848078 0.845389
0.652351 0.153671 0.845687 0.840973
0.352558 0.145489 0.857617 0.152957
0.140839 0.145544 0.156022 0.346052
0.139143 0.349437 0.144932 0.845857
0.343928 0.846852 0.852226 0.650784
0.148094 0.353402 0.147475 0.843453
0.860821 0.64585 0.84316 0.348613
0.355504 0.845961 0.843926 0.648358
0.639289 0.156196 0.847396 0.846091
0.153518 0.349374 0.158186 0.854192
0.144191 0.641901 0.154325 0.14273
0.356969 0.854812 0.857853 0.646802
0.851234 0.664232 0.856383 0.352412
0.640271 0.133982 0.846232 0.854126
0.852366 0.644434 0.845477 0.351661
0.158379 0.352586 0.159353 0.851507
0.352099 0.145398 0.845637 0.146978
0.134395 0.655555 0.154012 0.14797
0.857875 0.646491 0.84264 0.352398
0.15502 0.141638 0.164533 0.345332
0.652837 0.160299 0.845469 0.863169
0.148534 0.340166 0.155965 0.848325
0.149736 0.15213 0.144327 0.351795
0.845132 0.655 0.853181 0.357193
0.342829 0.146139 0.848802 0.14698
0.145133 0.641517 0.155327 0.14151
0.157686 0.660531 0.142803 0.147356
0.155556 0.339812 0.144399 0.848612
0.847294 0.655538 0.856271 0.349602
0.158073 0.155125 0.142481 0.353409
0.158583 0.355776 0.15158 0.845498
0.148415 0.6469 0.153443 0.146385
0.148983 0.643733 0.147502 0.14756
0.845047 0.649468 0.853658 0.361326
0.34672 0.843938 0.862403 0.657879
0.659546 0.150198 0.844553 0.850747
0.847622 0.648489 0.8543 0.354062
0.652224 0.153365 0.843801 0.859731
0.347069 0.146915 0.841144 0.14621
0.349399 0.164036 0.837584 0.145691
0.847674 0.652133 0.86175 0.359872
0.145429 0.155338 0.136265 0.356712
0.855776 0.65652 0.849833 0.339976
0.84573 0.65121 0.860838 0.360657
0.848807 0.648156 0.845001 0.359832
0.151023 0.35444 0.155951 0.842675
0.339978 0.844548 0.8533 0.648353
0.340177 0.850771 0.844899 0.654589
0.848435 0.653275 0.835863 0.348399
0.346877 0.846443 0.852926 0.657219
0.134572 0.157867 0.133032 0.350558
0.352082 0.842107 0.848376 0.653885
0.352198 0.158355 0.847572 0.15141
0.158926 0.344835 0.142043 0.850566
0.144447 0.354639 0.146719 0.846096
0.146629 0.142051 0.157465 0.347297
0.15325 0.35417 0.155312 0.846509
0.852565 0.651213 0.858428 0.346839
0.338654 0.150623 0.852424 0.138694
0.343638 0.855009 0.850782 0.648564
0.353825 0.1481 0.854455 0.158852
0.148401 0.147663 0.157983 0.357123
0.352709 0.849166 0.85941 0.634531
0.353275 0.154583 0.839233 0.147549
0.150559 0.653808 0.153782 0.140456
0.153616 0.352977 0.159316 0.834642
0.362437 0.837791 0.837018 0.657672
0.847935 0.654965 0.853855 0.352078
0.160886 0.65595 0.15159 0.151132
0.148228 0.145724 0.156445 0.350262
0.152011 0.165019 0.137422 0.35978
0.350745 0.149262 0.84623 0.150389
0.151818 0.350971 0.147562 0.846276
0.151744 0.140247 0.1412 0.348022
0.154225 0.150142 0.151924 0.358185
0.653446 0.154596 0.852993 0.856357
0.152741 0.343165 0.142109 0.853152
0.34271 0.152859 0.853537 0.147782
0.159532 0.138739 0.144685 0.346488
0.149055 0.141288 0.15208 0.35138
0.163194 0.350349 0.148584 0.857123
0.346757 0.854688 0.844375 0.647827
0.154366 0.345468 0.164664 0.853072
0.145466 0.148359 0.140786 0.338086
0.347915 0.839439 0.856138 0.65105
0.643185 0.153404 0.852934 0.850278
0.154602 0.150085 0.14518 0.361986
0.349424 0.146975 0.851301 0.14266
0.846402 0.643767 0.829643 0.356021
0.65123 0.150788 0.855639 0.850822
0.342821 0.860422 0.850123 0.642689
0.350408 0.150873 0.84178 0.146787
0.341898 0.155824 0.838389 0.151853
0.34313 0.84066 0.848952 0.642668
0.350956 0.84776 0.842296 0.644986
0.642593 0.151042 0.837077 0.842742
0.355431 0.148747 0.854538 0.145696
0.339862 0.846955 0.851268 0.653802
0.651097 0.158044 0.859098 0.849473
0.654145 0.146705 0.845379 0.853402
0.853629 0.646004 0.856881 0.343809
0.150993 0.65093 0.155551 0.163626
0.656878 0.137821 0.858304 0.845441
0.148825 0.347608 0.15895 0.846771
0.654782 0.150759 0.859212 0.843469
0.150888 0.156544 0.140663 0.346073
0.651799 0.150457 0.849815 0.849396
0.144483 0.159147 0.154934 0.349962
0.157582 0.645704 0.144828 0.151472
0.147027 0.646731 0.149277 0.153718
0.150999 0.339962 0.138244 0.853853
0.842422 0.651175 0.847694 0.35631
0.15851 0.350606 0.13823 0.850869
0.357471 0.838493 0.843499 0.632455
0.352874 0.851247 0.849116 0.65735
0.350273 0.843154 0.840349 0.63247
0.141755 0.356377 0.155289 0.856628
0.145032 0.349784 0.139571 0.844185
0.134929 0.156919 0.158954 0.353736
0.151782 0.147015 0.147286 0.349358
0.648901 0.154024 0.856157 0.851425
0.858752 0.65369 0.847811 0.352325
0.660153 0.151219 0.854318 0.853735
0.146662 0.152977 0.138997 0.350939
0.35806 0.848318 0.852148 0.656332
0.160827 0.155902 0.133214 0.357395
0.649852 0.148631 0.857371 0.847832
0.345751 0.156797 0.854018 0.15129
0.837206 0.651261 0.845885 0.360918
0.354359 0.151907 0.849047 0.141347
0.154608 0.35026 0.157031 0.847241
